0
18.4334 2.0615 0.0 0.0
3.0194 10.5387 0.0 0.0
5.9366 12.6984 0.0 0.0
14.6856 8.5689 0.0 0.0
10.4041 18.4435 0.0 0.0
1.2337 8.9671 0.0 0.0
7.9062 9.0818 0.0 0.0
18.2473 9.0775 0.0 0.0
13.5536 9.2112 0.0 0.0
9.6272 3.1317 0.0 0.0
15.3278 8.9410 0.0 0.0
16.0486 8.2617 0.0 0.0
13.7215 15.4812 0.0 0.0
12.4566 0.9734 0.0 0.0
7.9622 4.9469 0.0 0.0
10.4601 18.9737 0.0 0.0
7.4068 9.9622 0.0 0.0
18.6615 11.9279 0.0 0.0
1.0802 16.2561 0.0 0.0
5.9460 14.6248 0.0 0.0
11.8345 15.9860 0.0 0.0
7.4795 16.4300 0.0 0.0
5.7119 3.6798 0.0 0.0
9.4405 3.7135 0.0 0.0
2.5092 10.0349 0.0 0.0
3.2320 12.2245 0.0 0.0
9.4071 11.9997 0.0 0.0
8.4437 18.8805 0.0 0.0
1.6933 19.1766 0.0 0.0
7.7166 7.0500 0.0 0.0
9.7561 19.3991 0.0 0.0
8.8283 14.5316 0.0 0.0
9.9877 11.8923 0.0 0.0
15.4103 7.8262 0.0 0.0
16.7908 16.1465 0.0 0.0
5.1359 11.5255 0.0 0.0
16.8123 18.5141 0.0 0.0
0.6061 19.3307 0.0 0.0
10.1425 9.1102 0.0 0.0
17.1483 19.5766 0.0 0.0
3.4442 7.5307 0.0 0.0
4.5722 6.5539 0.0 0.0
9.3928 18.4237 0.0 0.0
2.0841 16.4050 0.0 0.0
10.8288 5.5258 0.0 0.0
6.5992 11.4240 0.0 0.0
11.3381 19.1861 0.0 0.0
8.8031 9.6883 0.0 0.0
12.8123 14.5982 0.0 0.0
5.6670 3.0117 0.0 0.0
14.0105 14.6428 0.0 0.0
14.1622 9.3835 0.0 0.0
4.1308 9.4157 0.0 0.0
4.3904 17.5774 0.0 0.0
3.8984 2.7594 0.0 0.0
5.8986 0.7660 0.0 0.0
6.9802 11.9748 0.0 0.0
18.9025 17.9038 0.0 0.0
17.2469 6.6224 0.0 0.0
15.4888 16.7317 0.0 0.0
14.6204 4.8243 0.0 0.0
7.1009 6.3511 0.0 0.0
7.1499 1.9917 0.0 0.0
9.7831 9.6760 0.0 0.0
12.5774 10.7914 0.0 0.0
8.3930 4.3793 0.0 0.0
3.9107 6.2010 0.0 0.0
4.6339 2.3931 0.0 0.0
11.3242 0.2427 0.0 0.0
15.6267 6.3548 0.0 0.0
11.9615 13.2708 0.0 0.0
9.1108 6.5475 0.0 0.0
3.2103 16.7869 0.0 0.0
5.9761 12.2039 0.0 0.0
8.7163 2.2739 0.0 0.0
5.7294 16.4309 0.0 0.0
9.6499 6.2276 0.0 0.0
16.8710 2.9301 0.0 0.0
4.7207 14.0600 0.0 0.0
18.3587 11.3835 0.0 0.0
13.5916 6.5660 0.0 0.0
11.1561 16.4399 0.0 0.0
0.7380 12.4318 0.0 0.0
2.5559 1.5580 0.0 0.0
3.6408 4.7944 0.0 0.0
2.7252 12.4871 0.0 0.0
8.8226 5.4126 0.0 0.0
15.6955 4.1037 0.0 0.0
0.9590 4.2491 0.0 0.0
11.3988 13.0341 0.0 0.0
12.7824 12.4675 0.0 0.0
4.5732 8.9431 0.0 0.0
10.8504 6.5914 0.0 0.0
1.6951 4.8100 0.0 0.0
3.8591 5.3916 0.0 0.0
19.4249 9.5734 0.0 0.0
19.4884 10.7572 0.0 0.0
13.8118 4.8013 0.0 0.0
6.6557 7.3170 0.0 0.0
1.8419 14.7966 0.0 0.0
0.8351 3.2407 0.0 0.0
13.5628 0.8569 0.0 0.0
4.3818 18.5804 0.0 0.0
14.9057 18.1303 0.0 0.0
1.4888 16.5861 0.0 0.0
5.6221 19.4458 0.0 0.0
4.1485 10.8361 0.0 0.0
9.3154 14.9159 0.0 0.0
0.7676 6.4096 0.0 0.0
16.1704 13.6753 0.0 0.0
3.0449 8.8201 0.0 0.0
18.5204 3.3446 0.0 0.0
16.5470 9.3046 0.0 0.0
15.7605 0.6289 0.0 0.0
18.8945 12.6222 0.0 0.0
12.7368 9.0099 0.0 0.0
11.3051 5.3736 0.0 0.0
14.0226 8.4420 0.0 0.0
9.4783 2.1222 0.0 0.0
15.9810 16.9489 0.0 0.0
14.4998 17.5568 0.0 0.0
3.0158 17.6725 0.0 0.0
16.5593 0.3610 0.0 0.0
17.2390 4.8746 0.0 0.0
12.6986 15.4148 0.0 0.0
3.8706 15.7431 0.0 0.0
2.1245 17.0691 0.0 0.0
14.3905 15.6438 0.0 0.0
10.2897 13.9944 0.0 0.0
12.5063 11.9829 0.0 0.0
4.2920 3.8701 0.0 0.0
10.0985 13.5289 0.0 0.0
10.0908 1.6292 0.0 0.0
15.2485 5.9100 0.0 0.0
5.1466 15.9239 0.0 0.0
17.7983 5.0784 0.0 0.0
8.6552 3.4391 0.0 0.0
0.4304 1.2050 0.0 0.0
7.8663 14.6136 0.0 0.0
16.0805 10.4434 0.0 0.0
9.2654 13.8990 0.0 0.0
2.4870 0.9926 0.0 0.0
17.3755 5.3982 0.0 0.0
19.2469 14.1350 0.0 0.0
13.4679 14.0086 0.0 0.0
12.7687 3.7417 0.0 0.0
7.8587 13.2215 0.0 0.0
5.4733 8.1959 0.0 0.0
18.6537 13.8316 0.0 0.0
2.8668 16.2317 0.0 0.0
4.2439 1.5612 0.0 0.0
17.3865 2.0760 0.0 0.0
16.1801 19.2188 0.0 0.0
1.5489 15.3476 0.0 0.0
2.9780 19.6151 0.0 0.0
14.7586 10.5687 0.0 0.0
3.5877 19.2788 0.0 0.0
5.0424 7.7627 0.0 0.0
4.4740 10.4068 0.0 0.0
15.1051 3.1008 0.0 0.0
8.2465 12.4315 0.0 0.0
18.9235 4.6466 0.0 0.0
18.4355 6.9391 0.0 0.0
17.4739 12.0141 0.0 0.0
2.2454 13.2635 0.0 0.0
8.6249 17.7548 0.0 0.0
12.1906 5.5627 0.0 0.0
2.6497 7.1158 0.0 0.0
2.4334 13.8375 0.0 0.0
6.6961 2.6238 0.0 0.0
13.9875 7.2988 0.0 0.0
8.9447 8.0193 0.0 0.0
8.0406 7.8012 0.0 0.0
13.6121 16.4282 0.0 0.0
6.8763 8.0592 0.0 0.0
3.7360 4.2379 0.0 0.0
12.1212 17.9595 0.0 0.0
2.7757 15.4786 0.0 0.0
11.3478 8.7334 0.0 0.0
15.2046 14.9661 0.0 0.0
1.4607 17.3549 0.0 0.0
0.9827 18.3197 0.0 0.0
1.9338 11.9423 0.0 0.0
19.1900 1.5356 0.0 0.0
12.8894 16.8952 0.0 0.0
12.2766 16.5447 0.0 0.0
2.3443 11.3537 0.0 0.0
12.9212 7.4097 0.0 0.0
0.8189 13.5106 0.0 0.0
16.9735 3.5293 0.0 0.0
12.0123 4.7049 0.0 0.0
7.2673 8.9586 0.0 0.0
11.9899 12.7153 0.0 0.0
7.3772 18.9502 0.0 0.0
6.2462 8.5977 0.0 0.0
8.5876 15.0332 0.0 0.0
19.7138 6.3111 0.0 0.0
4.4561 4.9655 0.0 0.0
2.5113 9.0702 0.0 0.0
4.4111 12.7497 0.0 0.0
2.2100 19.2418 0.0 0.0
10.4549 14.4703 0.0 0.0
6.8092 14.1076 0.0 0.0
9.5396 6.9590 0.0 0.0
5.2350 12.5007 0.0 0.0
11.3226 4.1050 0.0 0.0
18.3546 7.4314 0.0 0.0
14.5298 2.7644 0.0 0.0
11.4520 15.0062 0.0 0.0
12.8131 8.2094 0.0 0.0
10.2921 16.9173 0.0 0.0
18.5579 17.3174 0.0 0.0
6.7885 17.3848 0.0 0.0
13.9279 1.8027 0.0 0.0
14.9714 16.7987 0.0 0.0
7.6902 10.7627 0.0 0.0
4.2890 0.2591 0.0 0.0
14.1592 2.3455 0.0 0.0
11.9100 8.5471 0.0 0.0
8.1429 8.5541 0.0 0.0
16.6031 7.3803 0.0 0.0
4.7907 16.3828 0.0 0.0
19.1905 17.2478 0.0 0.0
10.1629 3.9880 0.0 0.0
18.0180 16.3117 0.0 0.0
19.1853 16.3405 0.0 0.0
8.9564 19.6116 0.0 0.0
4.0316 3.4175 0.0 0.0
17.5053 1.3164 0.0 0.0
16.9387 9.6419 0.0 0.0
0.6143 2.3138 0.0 0.0
15.4293 10.9455 0.0 0.0
16.6237 13.3320 0.0 0.0
16.7911 8.4391 0.0 0.0
1.4148 6.8174 0.0 0.0
12.2036 10.2460 0.0 0.0
15.5062 13.0368 0.0 0.0
6.4148 15.8989 0.0 0.0
19.5569 18.1878 0.0 0.0
15.8732 5.7436 0.0 0.0
17.4972 18.3188 0.0 0.0
0.5539 15.2051 0.0 0.0
10.8786 14.1839 0.0 0.0
17.1376 17.7877 0.0 0.0
5.9254 6.8038 0.0 0.0
15.8226 2.5015 0.0 0.0
18.2261 8.5387 0.0 0.0
11.8617 2.4177 0.0 0.0
5.8132 17.0589 0.0 0.0
16.8267 12.1699 0.0 0.0
10.8676 2.9806 0.0 0.0
12.2714 18.5691 0.0 0.0
11.4875 6.5226 0.0 0.0
2.7809 13.0355 0.0 0.0
1.6206 4.0909 0.0 0.0
18.8499 10.6044 0.0 0.0
10.2010 0.5049 0.0 0.0
1.9525 7.0292 0.0 0.0
14.1592 16.9655 0.0 0.0
8.5953 13.6232 0.0 0.0
9.6683 17.6042 0.0 0.0
19.0113 19.3304 0.0 0.0
19.5970 5.1971 0.0 0.0
7.7785 5.7641 0.0 0.0
0.5706 3.9592 0.0 0.0
7.7951 0.4735 0.0 0.0
17.8426 8.0027 0.0 0.0
19.4775 7.2279 0.0 0.0
0.8529 14.2430 0.0 0.0
8.7809 7.5392 0.0 0.0
3.2243 0.6903 0.0 0.0
17.1596 15.5808 0.0 0.0
1.8635 1.3055 0.0 0.0
17.2801 10.9265 0.0 0.0
7.7627 11.8258 0.0 0.0
19.4266 4.6831 0.0 0.0
1.3085 3.5432 0.0 0.0
18.1522 17.6746 0.0 0.0
6.3851 10.8888 0.0 0.0
11.4102 4.5985 0.0 0.0
16.2952 6.6921 0.0 0.0
6.4292 18.5497 0.0 0.0
13.1653 2.2559 0.0 0.0
1.6889 9.8739 0.0 0.0
14.4988 12.1925 0.0 0.0
10.0892 11.2353 0.0 0.0
0.5682 17.4015 0.0 0.0
14.7895 9.6308 0.0 0.0
0.9940 11.7660 0.0 0.0
13.8601 15.9773 0.0 0.0
13.1932 6.9502 0.0 0.0
5.8164 2.1596 0.0 0.0
17.9863 12.5382 0.0 0.0
7.7228 15.6437 0.0 0.0
8.7846 1.7450 0.0 0.0
15.5565 18.0397 0.0 0.0
1.4973 0.3498 0.0 0.0
6.5486 19.4861 0.0 0.0
13.8796 19.3184 0.0 0.0
3.6025 17.7256 0.0 0.0
18.0024 14.4300 0.0 0.0
11.2181 12.3182 0.0 0.0
11.8128 16.6483 0.0 0.0
4.8616 14.8757 0.0 0.0
12.8373 1.6699 0.0 0.0
11.2434 3.4100 0.0 0.0
10.6624 12.7200 0.0 0.0
6.9501 15.6566 0.0 0.0
17.6147 9.6089 0.0 0.0
6.3546 1.9213 0.0 0.0
14.6859 14.1492 0.0 0.0
16.9788 10.5321 0.0 0.0
16.4456 10.8677 0.0 0.0
9.5314 15.7496 0.0 0.0
7.2904 4.8618 0.0 0.0
10.0417 4.4928 0.0 0.0
5.9680 17.7422 0.0 0.0
8.2324 6.8211 0.0 0.0
5.3410 8.8030 0.0 0.0
12.7445 6.3975 0.0 0.0
13.9715 3.1362 0.0 0.0
18.3794 5.2457 0.0 0.0
15.4836 4.7007 0.0 0.0
8.5837 5.8490 0.0 0.0
16.0472 11.9161 0.0 0.0
8.5477 11.8135 0.0 0.0
16.0351 9.8153 0.0 0.0
14.0499 13.2130 0.0 0.0
5.6814 5.1800 0.0 0.0
10.3145 16.2920 0.0 0.0
4.9996 10.8829 0.0 0.0
4.8302 1.3576 0.0 0.0
3.2832 5.8854 0.0 0.0
1.8540 12.6194 0.0 0.0
5.0550 7.0211 0.0 0.0
7.9347 2.8551 0.0 0.0
12.4987 3.3014 0.0 0.0
0.7286 9.5890 0.0 0.0
18.1762 3.9787 0.0 0.0
1.3654 2.0041 0.0 0.0
14.4754 4.1371 0.0 0.0
9.8406 12.8298 0.0 0.0
1.5036 18.1034 0.0 0.0
15.9110 7.7080 0.0 0.0
16.6840 12.7195 0.0 0.0
18.0954 3.0398 0.0 0.0
18.5143 14.5631 0.0 0.0
11.3433 8.2110 0.0 0.0
5.1777 4.1681 0.0 0.0
3.2982 11.3829 0.0 0.0
15.2386 9.8956 0.0 0.0
19.4338 14.6248 0.0 0.0
13.4007 19.2008 0.0 0.0
15.1237 12.2454 0.0 0.0
6.7460 8.9043 0.0 0.0
2.6948 5.3151 0.0 0.0
1.8765 14.1390 0.0 0.0
13.1301 13.5581 0.0 0.0
1.9788 7.8282 0.0 0.0
4.1830 7.8458 0.0 0.0
3.5908 14.6539 0.0 0.0
8.1737 10.4334 0.0 0.0
3.6804 8.3837 0.0 0.0
4.0623 16.8613 0.0 0.0
11.9421 11.7828 0.0 0.0
14.5580 3.4631 0.0 0.0
11.3328 18.1157 0.0 0.0
1.7197 2.8594 0.0 0.0
6.1671 3.0649 0.0 0.0
13.2011 3.4982 0.0 0.0
3.6073 18.5185 0.0 0.0
12.6465 13.8385 0.0 0.0
0.9631 1.6704 0.0 0.0
13.0923 18.2956 0.0 0.0
7.7843 15.0936 0.0 0.0
8.9343 1.2513 0.0 0.0
0.8794 5.1778 0.0 0.0
13.9414 10.9206 0.0 0.0
19.2990 0.6203 0.0 0.0
8.6414 11.0469 0.0 0.0
17.8721 1.9440 0.0 0.0
14.7565 6.2402 0.0 0.0
9.4488 9.0238 0.0 0.0
17.8331 0.8152 0.0 0.0
13.7483 5.7727 0.0 0.0
12.1167 2.9197 0.0 0.0
5.3410 6.3964 0.0 0.0
18.0774 18.3320 0.0 0.0
17.5711 2.7082 0.0 0.0
2.6876 18.3630 0.0 0.0
5.5730 4.5286 0.0 0.0
10.6372 4.1163 0.0 0.0
4.0122 13.3703 0.0 0.0
3.0704 4.7525 0.0 0.0
2.7522 17.0071 0.0 0.0
12.0575 7.2983 0.0 0.0
3.6512 1.0530 0.0 0.0
18.4837 15.2623 0.0 0.0
16.4527 17.1715 0.0 0.0
10.5180 15.4643 0.0 0.0
3.8493 6.7841 0.0 0.0
15.9323 15.6995 0.0 0.0
18.2775 1.1781 0.0 0.0
0.3128 14.2923 0.0 0.0
19.6852 12.2842 0.0 0.0
6.9051 0.9500 0.0 0.0
18.7137 9.4071 0.0 0.0
0.2707 11.4649 0.0 0.0
10.4233 7.0179 0.0 0.0
0.6661 7.4906 0.0 0.0
15.3181 11.4295 0.0 0.0
16.5783 4.9693 0.0 0.0
13.6192 12.0290 0.0 0.0
5.0849 18.8008 0.0 0.0
14.5608 0.2977 0.0 0.0
10.5926 19.6736 0.0 0.0
6.9966 17.8288 0.0 0.0
13.5767 7.7602 0.0 0.0
0.2605 11.9916 0.0 0.0
19.5752 19.5599 0.0 0.0
16.0671 3.5092 0.0 0.0
7.3139 13.0671 0.0 0.0
1.1023 1.1894 0.0 0.0
14.9482 1.8996 0.0 0.0
1.5324 5.8511 0.0 0.0
9.0564 16.4912 0.0 0.0
12.7608 17.5724 0.0 0.0
4.0495 19.1164 0.0 0.0
19.0625 3.9038 0.0 0.0
3.4529 3.4537 0.0 0.0
1.1037 10.8165 0.0 0.0
18.0137 15.4275 0.0 0.0
12.8267 10.0856 0.0 0.0
2.4439 4.2868 0.0 0.0
3.0991 19.0546 0.0 0.0
2.2317 3.3176 0.0 0.0
13.3050 9.7564 0.0 0.0
2.5825 2.4381 0.0 0.0
0.2833 13.3079 0.0 0.0
17.3987 16.5423 0.0 0.0
14.3436 10.2437 0.0 0.0
0.3429 2.8995 0.0 0.0
12.0014 0.4443 0.0 0.0
18.2283 10.3145 0.0 0.0
17.2581 4.1616 0.0 0.0
3.2197 13.8324 0.0 0.0
12.5632 18.9525 0.0 0.0
6.6746 10.1446 0.0 0.0
15.0143 19.1518 0.0 0.0
19.6709 11.5101 0.0 0.0
17.0567 0.4962 0.0 0.0
10.7072 7.8306 0.0 0.0
4.1534 14.7877 0.0 0.0
16.7199 11.5305 0.0 0.0
17.9222 6.7287 0.0 0.0
9.3955 9.9934 0.0 0.0
8.1913 1.8075 0.0 0.0
5.7927 11.4557 0.0 0.0
10.5748 17.5536 0.0 0.0
12.6462 4.7181 0.0 0.0
5.4541 10.6209 0.0 0.0
15.7926 3.0215 0.0 0.0
18.0368 4.4756 0.0 0.0
9.0912 0.6676 0.0 0.0
17.7147 17.1235 0.0 0.0
2.9445 14.3051 0.0 0.0
9.4473 10.4897 0.0 0.0
0.2873 5.6993 0.0 0.0
4.0051 11.5597 0.0 0.0
2.6691 8.3534 0.0 0.0
1.1859 2.7688 0.0 0.0
19.3770 13.6371 0.0 0.0
15.4262 19.4985 0.0 0.0
13.8226 17.6256 0.0 0.0
10.6652 3.5672 0.0 0.0
0.3355 16.7349 0.0 0.0
8.1471 18.0540 0.0 0.0
11.1303 7.0606 0.0 0.0
17.6206 6.0508 0.0 0.0
9.0306 12.6672 0.0 0.0
11.7424 7.7420 0.0 0.0
9.5385 11.4463 0.0 0.0
9.4413 8.2271 0.0 0.0
9.4360 1.6130 0.0 0.0
10.8804 8.9526 0.0 0.0
18.9929 7.4470 0.0 0.0
15.0184 15.8685 0.0 0.0
12.6412 2.7584 0.0 0.0
2.3416 10.5936 0.0 0.0
14.3023 1.3262 0.0 0.0
7.2323 7.5245 0.0 0.0
4.9140 8.3173 0.0 0.0
1.6082 11.1557 0.0 0.0
16.7906 5.6285 0.0 0.0
17.5050 13.4165 0.0 0.0
6.9704 5.4800 0.0 0.0
1.9329 1.9600 0.0 0.0
13.4799 2.8798 0.0 0.0
13.4235 10.3916 0.0 0.0
1.5269 13.0711 0.0 0.0
