0 111 151 183 228 345 380 383 388 402
1 24 106 158 186 349 468 488
2 35 45 56 73 204 421 457
3 8 10 11 33 51 117 170 287 343 350 417
4 15 30 42 46 260 366 415 458
5 198 283 337 358
6 16 47 171 172 174 191 219 354 361
7 95 229 246 266 308 406 443
8 3 51 115 117 209 287 417 432 436 440 498
9 23 74 118 136 223 250 315 391 474
10 3 11 33 51 112 117 287 326 343 350
11 3 10 33 112 220 233 343
12 48 50 124 127 173 289 486
13 68 101 282 304 442
14 65 86 263 314 323 495
15 4 30 42 46 366 415 458
16 6 47 191 215 278 354 361 447
17 79 96 114 163 255 292 404 449
18 43 104 126 153 180 241 286 475
19 78 202 237 303 307
20 81 124 184 185 208 302 399
21 212 237 293 307 374 416
22 49 130 169 348 368 390
23 9 65 136 223 315 391 474
24 1 110 186 198 283 488 492
25 85 164 182 186 199 253 333 349 392 468
26 32 160 285 306 325 341 379 479 481
27 30 42 165 193 226 476
28 37 154 181 200 342 389 434
29 61 71 98 172 174 263 269 317 323 490
30 4 15 27 42 226 415
31 107 138 140 195 259 313 374
32 26 285 301 306 325 341 479 481
33 3 10 11 220 280 343
34 59 119 224 271 398 401 431 439 464
35 2 45 73 106 158 199 204 278 330 457 460 468
36 39 152 240 243 295 387 398
37 28 181
38 47 63 178 382 451 455 482 484
39 36 152 240
40 66 110 167 359 362 400 469
41 66 94 157 244 332 334 359 386 400
42 4 15 27 30 165 226 260 458 476
43 18 72 104 126 149 153 177 180 394
44 76 92 116 166 190 252 279 315 391
45 2 35 56 73 215 274 278 447 457 460
46 4 15 176 251 366 415 446
47 6 16 38 63 219 361 379 382 455 466
48 12 50 124 144 208 357 371
49 22 67 169 291 309 348 368
50 12 48 127 144 179 289 310 327 357
51 3 8 10 115 117 155 287 350 436 440 498
52 91 106 110 158 318 362 491
53 72 102 121 221 299 363 370 413
54 67 130 150 175 227 429 437
55 291 309 331 405
56 2 45 73 160 215 274 278 421 457
57 211 222 238 240 261 277 387 464
58 142 162 206 220 280 454 478 493
59 34 119 120 214 258 295 398 401 486
60 87 97 133 322 340 365 381 384
61 29 98 244 263 317 490 495
62 169 291 309 335 368 405 456
63 38 47 382 455 466 484
64 129 235 364 377 432 436 498
65 14 23 86 136 314
66 40 41 84 94 197 332 334 386 400
67 49 54 150 227 291 331
68 13 256 442
69 133 220 239 280 343 381 493
70 89 90 129 192 242 301 306 357 371
71 29 76 86 171 203 269 317 323 408
72 43 53 121 125 126 149 177 299 363 394
73 2 35 45 56 204 278 457
74 9 118 136 294 335 375 456 483
75 134 212 221 237 248 307 316
76 44 71 86 92 203 323 408
77 151 189 245 345 380 388 420 444 461
78 19 199 303 360 392 452
79 17 96 114 163 255 273 292 443 449
80 170 187 290 319 381 384 417
81 20 185 208 210 302 329 399 458
82 182 188 288 333 407 418 438 499
83 141 270 272 339 396 437 496
84 66 94 130 175 197 227 332 355 393 429 433
85 25 164 168 182 186 253 333 349 445 499
86 14 65 71 76 263 323
87 60 159 189 322 340 365 411 420 461
88 93 100 254 264 276 376 470
89 70 128 131 192 242 301 306 364 371
90 70 129 192 357 364 371 412
91 52 147 157 158 318 359 362 491
92 44 76 116 203 252 395 408 451 477 480
93 88 254 264 276 355 376 393 424 433
94 41 66 84 175 197 332 355 393 400
95 7 96 255 406 443
96 17 79 95 255 443 449
97 60 340 369 384 459
98 29 61 147 172 174 194 244 490
99 153 168 177 241 268 356 465
100 88 230 254 264 276 339 367 435 441 470
101 13 213 282 304 414 489
102 53 156 299 370 413 427 434
103 120 214 258 295 448 472 473
104 18 43 126 149 153 180 286 394 475
105 281 297 413
106 1 35 52 158 330 349 460 468
107 31 128 138 140 195 201 259 313 399
108 234 257 376 409 424 467
109 232 236 344 494
110 24 40 52 198 358 359 362 469
111 0 161 338 345 388 428 462
112 10 11 139 229 233 308 311 326 350
113 122 414 450
114 17 79 148 292 404 449 471
115 8 51 117 178 209 218 235 432 436
116 44 92 166 190 205 252 279 391
117 3 8 10 51 115 170 209 287 417
118 9 74 132 294 375 456 483
119 34 59 214 243 295 398 401 439 486
120 59 103 173 214 258 295 473
121 53 72 126 149 299 363 370 389 394 434
122 113 228 383 450
123 135 142 189 321 338 411 444 462 478 493
124 12 20 48 173 184 185 208 289
125 72 134 149 177 221 303 360 363 452
126 18 43 72 104 121 149 180 342 389 394
127 12 50 173 179 214 258 289 486
128 89 107 131 140 201 242 306 341
129 64 70 90 192 301 364 412
130 22 54 84 175 197 227 348 390 429
131 89 128 140 201 242 306 341 479
132 118 256 294 375 463 483
133 60 69 239 280 322 381
134 75 125 221 237 248 303 363
135 123 142 161 321 338 411 444 462 478 493
136 9 23 65 74 335
137 230 272 296 339 372 422
138 31 107 146 195 202 259 293 307 374
139 112 155 229 231 273 311 312 326 350 410 453
140 31 107 128 131 195 201 259 341 479
141 83 270 272 296 396 422 437 496
142 58 123 135 321 411 444 454 462 478 493
143 148 300 346 351 397 471
144 48 50 310 327 357 371
145 190 320 336 369 385 459 487 497
146 138 160 202 259 274 421 479
147 91 98 157 174 194 244 318 334 354 359 491
148 114 143 292 300 346 351 397 471 494
149 43 72 104 121 125 126 177 363 394
150 54 67 216 270 331 396
151 0 77 228 345 380 383 388 402
152 36 39 295 448 472
153 18 43 99 104 177 241 268 356
154 28 156 200 370 389 427 434
155 51 139 231 287 326 350 377 410 440 498
156 102 154 200 370 389 427 434
157 41 91 147 194 244 318 334 359 386 491
158 1 35 52 91 106 330 460 468
159 87 207 217 245 320 340 365 420 423 461
160 26 56 146 259 274 325 379 421 479
161 111 135 262 275 321 338 428 462
162 58 196 206 266 267 454 478 485
163 17 79 249 273 292 324 344 453 494
164 25 85 168 182 188 253 333 356 445 465 499
165 27 42 260 425 476
166 44 116 190 252 279 319 459
167 40 234 257 332 358 400 469
168 85 99 164 253 333 356 360 445 465 499
169 22 49 62 291 309 335 368
170 3 80 117 187 209 290 381 417
171 6 71 172 203 219 269 317 382 482
172 6 29 98 171 174 191 219 269 317 482 490
173 12 120 124 127 184 185 214 258 289 426 473
174 6 29 98 147 172 191 194 219 354 490
175 54 84 94 130 197 227 348 393 429 433
176 46 184 185 251 302 366 373 426 446
177 43 72 99 125 149 153 360 465
178 38 115 218 347 451 480 484
179 50 127 310 401 486
180 18 43 104 126 181 286 342 394 475
181 28 37 180 286 342
182 25 82 85 164 186 253 288 333 349 430 488 492 499
183 0 378 380 402
184 20 124 173 176 185 258 289 302 373 426 473
185 20 81 124 173 176 184 302 426
186 1 24 25 85 182 288 333 349 430 488 492
187 80 170 209 290 319 395 417 480
188 82 164 268 333 356 403 438 499
189 77 87 123 338 345 388 420 444 461 462
190 44 116 145 166 205 279 336 459
191 6 16 172 174 194 219 354 447 490
192 70 89 90 129 301 306 357 364 371
193 27 281 297 416 476
194 98 147 157 174 191 318 354 490 491
195 31 107 138 140 259 293 313 374
196 162 262 267 485
197 66 84 94 130 175 328 332 348 390 393
198 5 24 110 283 358 362 469
199 25 35 78 204 392 468
200 28 154 156 342 389 434
201 107 128 131 140 208 242 399
202 19 138 146 374 421
203 71 76 92 171 269 317 323 408 451 482
204 2 35 73 199 457
205 116 190 223 250 279 305 315 336 385 391 459 474
206 58 162 246 266 267 454 485
207 159 213 217 245 282 320 340 365 423 461 489 497
208 20 48 81 124 201 242 399
209 8 115 117 170 187 218 290 347 395 417 480
210 81 260 313 329 399 425 458
211 57 222 224 225 238 240 243 277 387 439 464
212 21 75 248 281 316 416
213 101 207 217 282 304 320 423 489 497
214 59 103 119 120 127 173 258 289 295 401 473 486
215 16 45 56 274 278 325 361 379 447
216 150 270 331 396
217 159 207 213 282 320 365 423 489 497
218 115 178 209 347 395 451 480 484
219 6 47 171 172 174 191 269 354 382 482 490
220 11 33 58 69 233 266 280 343 454
221 53 75 125 134 248 303 363
222 57 211 224 225 238 277 464
223 9 23 205 250 279 305 315 391 474
224 34 211 222 225 271 277 397 431 439 464
225 211 222 224 397 431
226 27 30 42
227 54 67 84 130 175 348 429
228 0 122 151 380 383 388 402 450
229 7 112 139 233 273 308 311 312 326 443
230 100 137 276 339 367 372 422 441 470 496
231 139 155 287 312 324 326 350 353 377 410 440 453
232 109 236 249 344 494
233 11 112 220 229 246 266 308 343
234 108 167 257 358 409 424
235 64 115 432 436 498
236 109 232 284 310 324 344 353
237 19 21 75 134 248 293 307
238 57 211 222 261 277 387 419
239 69 133 280 322 381 411 493
240 36 39 57 211 243 277 387 464
241 18 99 153 268 403
242 70 89 128 131 201 208 306 399
243 36 119 211 240 277 387 398 439 464
244 41 61 98 147 157 334 386
245 77 159 207 420 423 461
246 7 206 233 266 308 406 485
247 250 282 304 305 336 385 487
248 75 134 212 221 237 316 416
249 163 232 273 292 312 324 344 453 494
250 9 205 223 247 305 385 391 474
251 46 176 352 366 373 426 446
252 44 92 116 166 319 395 408 477 480
253 25 85 164 168 182 333 356 392 445 465 499
254 88 93 100 264 276 367 376 433 435 470
255 17 79 95 96 406 443 449
256 68 132 375 463 483
257 108 167 234 358 409 424
258 59 103 120 127 173 184 214 289 473 486
259 31 107 138 140 146 160 195 341 421 479
260 4 42 165 210 329 425 458
261 57 238 387 419
262 161 196 275 321 428
263 14 29 61 86 314 317 323 495
264 88 93 100 254 276 376 441 470
265 375 405 456 463
266 7 162 206 220 233 246 454 485
267 162 196 206 485
268 99 153 188 241 356 403 438 499
269 29 71 171 172 203 219 317 482
270 83 141 150 216 396
271 34 224 300 397 401 431 439
272 83 137 141 296 339 372 422 437 496
273 79 139 163 229 249 308 311 312 443 453
274 45 56 146 160 215 325 361 379 421
275 161 262 321 338 428 462
276 88 93 100 230 254 264 367 433 435 441 470
277 57 211 222 224 238 240 243 387 439 464
278 16 35 45 56 73 215 330 447 457 460
279 44 116 166 190 205 223 305 315 391 459 474
280 33 58 69 133 220 239 343 478 493
281 105 193 212 297 316 413 416
282 13 101 207 213 217 247 304 320 336 369 385 487 489 497
283 5 24 198 337 430 488 492
284 236 327 353 377 410 412
285 26 32 379 455 466 481
286 18 104 180 181 342 475
287 3 8 10 51 117 155 231 326 350 440
288 82 182 186 333 407 418 430 492 499
289 12 50 124 127 173 184 214 258 486
290 80 170 187 209 319 384 395 417
291 49 55 62 67 169 309 331 368
292 17 79 114 148 163 249 344 494
293 21 138 195 237 307 374
294 74 118 132 335 375 456 463 483
295 36 59 103 119 120 152 214 398 448 472
296 137 141 272 372 422
297 105 193 281
298 352 373 446 448
299 53 72 102 121 363 370 389 394 427 434
300 143 148 271 346 351 397 431 494
301 32 70 89 129 192 306 341 364
302 20 81 176 184 185 426
303 19 78 125 134 221 360 452
304 13 101 213 247 282 385 442 487 497
305 205 223 247 250 279 336 385 391 474
306 26 32 70 89 128 131 192 242 301 341
307 19 21 75 138 237 293 374
308 7 112 229 233 246 273 311 406 443
309 49 55 62 169 291 368 405
310 50 144 179 236 327
311 112 139 229 273 308 312 326 443 453
312 139 229 231 249 273 311 324 326 410 453
313 31 107 195 210 329 399 425
314 14 65 263 495
315 9 23 44 205 223 279 391 474
316 75 212 248 281 413 416
317 29 61 71 171 172 203 263 269 323 490
318 52 91 147 157 194 354 359 491
319 80 166 187 252 290 384 395
320 145 159 207 213 217 282 336 340 365 369 487 497
321 123 135 142 161 262 275 338 462 478
322 60 87 133 239 340 411 420
323 14 29 71 76 86 203 263 317
324 163 231 236 249 312 344 353 410 453
325 26 32 160 215 274 361 379 479 481
326 10 112 139 155 229 231 287 311 312 350
327 50 144 284 310 353 357 412
328 197 348 386 390 495
329 81 210 260 313 399 425 458
330 35 106 158 278 457 460 468
331 55 67 150 216 291 396
332 41 66 84 94 167 197 355 393 400
333 25 82 85 164 168 182 186 188 253 288 492 499
334 41 66 147 157 244 359 386 400 491
335 62 74 136 169 294 456
336 145 190 205 247 282 305 320 369 385 459 487 497
337 5 283 430
338 111 123 135 161 189 275 321 345 388 428 444 462
339 83 100 137 230 272 367 372 422 437 441 470 496
340 60 87 97 159 207 320 322 365 369
341 26 32 128 131 140 259 301 306 479 481
342 28 126 180 181 200 286 389
343 3 10 11 33 69 220 233 280
344 109 163 232 236 249 292 324 453 494
345 0 77 111 151 189 338 380 388 428 444 462
346 143 148 300 351 397 431 471
347 178 209 218 395 451 477 480 484
348 22 49 130 175 197 227 328 368 390
349 1 25 85 106 182 186 468 488
350 3 10 51 112 139 155 231 287 326 440
351 143 148 300 346 397 471
352 251 298 373 446
353 231 236 284 324 327 410
354 6 16 147 174 191 194 219 318 447 490
355 84 93 94 332 393 424 433
356 99 153 164 168 188 253 268 445 465 499
357 48 50 70 90 144 192 327 371
358 5 110 167 198 234 257 409 469
359 40 41 91 110 147 157 318 334 362 400 491
360 78 125 168 177 303 392 445 452 465
361 6 16 47 215 274 325 379 455 466
362 40 52 91 110 198 359 469 491
363 53 72 121 125 134 149 221 299 394
364 64 89 90 129 192 301
365 60 87 159 207 217 320 340 369 461 497
366 4 15 46 176 251 458
367 100 230 254 276 339 372 435 437 441 470 496
368 22 49 62 169 291 309 348
369 97 145 282 320 336 340 365 385 459 487 497
370 53 102 121 154 156 299 389 427 434
371 48 70 89 90 144 192 357
372 137 230 272 296 339 367 422 441 470 496
373 176 184 251 298 352 426 446 473
374 21 31 138 195 202 293 307
375 74 118 132 256 265 294 456 463 483
376 88 93 108 254 264 424 467
377 64 155 231 284 410 412 432 436 440 498
378 183 383 402
379 26 47 160 215 274 285 325 361 455 466 481
380 0 77 151 183 228 345 383 388 402
381 60 69 80 133 170 239 384
382 38 47 63 171 219 455 466 482 484
383 0 122 151 228 378 380 402 450
384 60 80 97 290 319 381
385 145 205 247 250 282 304 305 336 369 487 497
386 41 66 157 244 328 334
387 36 57 211 238 240 243 261 277 464
388 0 77 111 151 189 228 338 345 380 444
389 28 121 126 154 156 200 299 342 370 394 434
390 22 130 197 328 348
391 9 23 44 116 205 223 250 279 305 315 474
392 25 78 199 253 360 445 452 465
393 84 93 94 175 197 332 355 429 433
394 43 72 104 121 126 149 180 299 363 389
395 92 187 209 218 252 290 319 347 451 477 480
396 83 141 150 216 270 331
397 143 148 224 225 271 300 346 351 431
398 34 36 59 119 243 295 439 464
399 20 81 107 201 208 210 242 313 329
400 40 41 66 94 167 332 334 359
401 34 59 119 179 214 271 486
402 0 151 183 228 378 380 383 450
403 188 241 268 438
404 17 114 449 471
405 55 62 265 309
406 7 95 246 255 308 443
407 82 288 418 430 492
408 71 76 92 203 252 451 477
409 108 234 257 358
410 139 155 231 284 312 324 353 377 453
411 87 123 135 142 239 322 444 493
412 90 129 284 327 377
413 53 102 105 281 316 427
414 101 113 489
415 4 15 30 46
416 21 193 212 248 281 316 476
417 3 8 80 117 170 187 209 290
418 82 288 407 430 438
419 238 261
420 77 87 159 189 245 322 444 461
421 2 56 146 160 202 259 274
422 137 141 230 272 296 339 372 496
423 159 207 213 217 245 461 489
424 93 108 234 257 355 376 467
425 165 210 260 313 329
426 173 176 184 185 251 302 373 446 473
427 102 154 156 299 370 413 434
428 111 161 262 275 338 345 462
429 54 84 130 175 227 393 433 435 437
430 182 186 283 288 337 407 418 488 492
431 34 224 225 271 300 346 397 439
432 8 64 115 235 377 436 498
433 84 93 175 254 276 355 393 429 435
434 28 102 121 154 156 200 299 370 389 427
435 100 254 276 367 429 433 437 470 496
436 8 51 64 115 235 377 432 440 498
437 54 83 141 272 339 367 429 435 470 496
438 82 188 268 403 418 499
439 34 119 211 224 243 271 277 398 431 464
440 8 51 155 231 287 350 377 436 498
441 100 230 264 276 339 367 372 470
442 13 68 304
443 7 79 95 96 229 255 273 308 311 406
444 77 123 135 142 189 338 345 388 411 420 462
445 85 164 168 253 356 360 392 452 465
446 46 176 251 298 352 373 426
447 16 45 191 215 278 354 460
448 103 152 295 298 472
449 17 79 96 114 255 404
450 113 122 228 383 402
451 38 92 178 203 218 347 395 408 477 480 482 484
452 78 125 303 360 392 445 465
453 139 163 231 249 273 311 312 324 344 410
454 58 142 162 206 220 266 478 485
455 38 47 63 285 361 379 382 466 481
456 62 74 118 265 294 335 375 463 483
457 2 35 45 56 73 204 278 330 460
458 4 15 42 81 210 260 329 366
459 97 145 166 190 205 279 336 369
460 35 45 106 158 278 330 447 457
461 77 87 159 189 207 245 365 420 423
462 111 123 135 142 161 189 275 321 338 345 428 444
463 132 256 265 294 375 456 483
464 34 57 211 222 224 240 243 277 387 398 439
465 99 164 168 177 253 356 360 392 445 452
466 47 63 285 361 379 382 455 481
467 108 376 424
468 1 25 35 106 158 199 330 349
469 40 110 167 198 358 362
470 88 100 230 254 264 276 339 367 372 435 437 441 496
471 114 143 148 346 351 404
472 103 152 295 448
473 103 120 173 184 214 258 373 426
474 9 23 205 223 250 279 305 315 391
475 18 104 180 286
476 27 42 165 193 416
477 92 252 347 395 408 451 480
478 58 123 135 142 162 280 321 454 493
479 26 32 131 140 146 160 259 325 341 481
480 92 178 187 209 218 252 347 395 451 477 484
481 26 32 285 325 341 379 455 466 479
482 38 171 172 203 219 269 382 451
483 74 118 132 256 294 375 456 463
484 38 63 178 218 347 382 451 480
485 162 196 206 246 266 267 454
486 12 59 119 127 179 214 258 289 401
487 145 247 282 304 320 336 369 385 497
488 1 24 182 186 283 349 430 492
489 101 207 213 217 282 414 423
490 29 61 98 172 174 191 194 219 317 354
491 52 91 147 157 194 318 334 359 362
492 24 182 186 283 288 333 407 430 488
493 58 69 123 135 142 239 280 411 478
494 109 148 163 232 249 292 300 344
495 14 61 263 314 328
496 83 141 230 272 339 367 372 422 435 437 470
497 145 207 213 217 282 304 320 336 365 369 385 487
498 8 51 64 155 235 377 432 436 440
499 82 85 164 168 182 188 253 268 288 333 356 438
