0 47
1 19
2 
3 8 17 79 80
4 10
5 
6 
7 11 97
8 3
9 62
10 4
11 7 49 97
12 61
13 34
14 40
15 76 99
16 69
17 3 79 80
18 29 65
19 1 23
20 90
21 
22 31 51 79 87
23 19
24 
25 
26 73
27 40 85
28 60
29 18 43 65
30 82
31 22 51
32 
33 86
34 13
35 74
36 53 58 87 93
37 42
38 
39 
40 14 27 85
41 
42 37
43 29
44 
45 54 84
46 60 67
47 0
48 95
49 11
50 93
51 22 31 77
52 68
53 36 58 71
54 45 66 84
55 
56 89
57 
58 36 53
59 98
60 28 46
61 12
62 9
63 75
64 
65 18 29
66 54
67 46
68 52
69 16
70 94
71 53 87
72 78 91
73 26
74 35 96 98
75 63
76 15
77 51
78 72
79 3 17 22 80
80 3 17 79
81 83
82 30
83 81 94
84 45 54 89
85 27 40
86 33
87 22 36 71 93
88 
89 56 84
90 20
91 72
92 
93 36 50 87
94 70 83
95 48
96 74
97 7 11
98 59 74
99 15
