100
20.0
0.2332 0
0.2503 0
0.2327 0
0.2584 0
0.2578 0
0.2567 0
0.2308 0
0.2577 0
0.2477 0
0.2565 0
0.2583 0
0.2388 0
0.2585 0
0.2301 0
0.2590 0
0.2479 0
0.2467 0
0.2311 0
0.2313 0
0.2447 0
0.2499 0
0.2348 0
0.2521 0
0.2396 0
0.2386 0
0.2507 0
0.2361 0
0.2309 0
0.2346 0
0.2432 0
0.2369 0
0.2507 0
0.2454 0
0.2525 0
0.2517 0
0.2566 0
0.2432 0
0.2494 0
0.2301 0
0.2312 0
0.2441 0
0.2504 0
0.2584 0
0.2525 0
0.2346 0
0.2551 0
0.2505 0
0.2575 0
0.2468 0
0.2470 0
0.2544 0
0.2411 0
0.2566 0
0.2326 0
0.2340 0
0.2518 0
0.2342 0
0.2310 0
0.2315 0
0.2551 0
0.2356 0
0.2404 0
0.2598 0
0.2353 0
0.2414 0
0.2561 0
0.2436 0
0.2319 0
0.2502 0
0.2502 0
0.2470 0
0.2424 0
0.2333 0
0.2424 0
0.2520 0
0.2452 0
0.2573 0
0.2582 0
0.2572 0
0.2431 0
0.2559 0
0.2323 0
0.2373 0
0.2425 0
0.2475 0
0.2341 0
0.2597 0
0.2495 0
0.2438 0
0.2478 0
0.2403 0
0.2464 0
0.2326 0
0.2581 0
0.2309 0
0.2589 0
0.2443 0
0.2454 0
0.2475 0
0.2497 0
